%YAML:1.0

#--------------------------------------------------------------------------------------------
# Camera Parameters. Adjust them!
#--------------------------------------------------------------------------------------------
File.version: "1.0" #???
Camera.type: "KannalaBrandt8"
#---fov100 fx、fy=640/4.8*2.0=266.666667。cx=640/2,cy=480/2
#Camera1.fx: 266.666667
#Camera1.fy: 266.666667
#Camera1.cx: 320.0
#Camera1.cy: 240.0
#Camera1.k1: 0.33333333333333333
#Camera1.k2: 0.13333333333
#Camera1.k3: 0.05396825396
#Camera1.k4: 0.02186948853
#Camera2.fx: 266.666667
#Camera2.fy: 266.666667
#Camera2.cx: 320.0
#Camera2.cy: 240.0
#Camera2.k1: 0.33333333333333333
#Camera2.k2: 0.13333333333
#Camera2.k3: 0.05396825396
#Camera2.k4: 0.02186948853
#---fov60  fx、fy=640/4.8*4.15=553.3333333
#Camera1.fx: 553.3333333
#Camera1.fy: 553.3333333
#Camera1.cx: 320.0
#Camera1.cy: 240.0
#Camera1.k1: 0.33333333333333333
#Camera1.k2: 0.13333333333
#Camera1.k3: 0.05396825396
#Camera1.k4: 0.02186948853
#Camera2.fx: 553.3333333
#Camera2.fy: 553.3333333
#Camera2.cx: 320.0
#Camera2.cy: 240.0
#Camera2.k1: 0.33333333333333333
#Camera2.k2: 0.13333333333
#Camera2.k3: 0.05396825396
#Camera2.k4: 0.02186948853
#---fov70  fx、fy=640/4.8*3.4=453.3333333
Camera1.fx: 453.3333333
Camera1.fy: 453.3333333
Camera1.cx: 320.0
Camera1.cy: 240.0
Camera1.k1: 0.33333333333333333
Camera1.k2: 0.13333333333
Camera1.k3: 0.05396825396
Camera1.k4: 0.02186948853
Camera2.fx: 453.3333333
Camera2.fy: 453.3333333
Camera2.cx: 320.0
Camera2.cy: 240.0
Camera2.k1: 0.33333333333333333
Camera2.k2: 0.13333333333
Camera2.k3: 0.05396825396
Camera2.k4: 0.02186948853
#---fov90  fx、fy=640/4.8*2.40=320.0
#Camera1.fx: 320.0
#Camera1.fy: 320.0
#Camera1.cx: 320.0
#Camera1.cy: 240.0
#Camera1.k1: 0.33333333333333333
#Camera1.k2: 0.13333333333
#Camera1.k3: 0.05396825396
#Camera1.k4: 0.02186948853
#Camera2.fx: 320.0
#Camera2.fy: 320.0
#Camera2.cx: 320.0
#Camera2.cy: 240.0
#Camera2.k1: 0.33333333333333333
#Camera2.k2: 0.13333333333
#Camera2.k3: 0.05396825396
#Camera2.k4: 0.02186948853

# Transformation matrix from right camera to left camera /media/hl/Stuff/ubuntu_share_2/Dataset/ue_180/calib/get_t.py
Stereo.T_c1_c2: !!opencv-matrix
  rows: 4
  cols: 4
  dt: f

  # 0
  data: [ 1.0,0.0, 0.0, 0.2,
          0.0, 1.0, 0.0, 0.0,
          0.0, 0.0, 1.0, 0.0,
          0.0,0.0,0.0,1.0]
tantheta: 0.0
#Camera1.overlappingBegin: 0 # theta=5:128  theta=10:225
#Camera1.overlappingEnd: 640
#Camera2.overlappingBegin: 0
#Camera2.overlappingEnd: 640 # theta=5:512  theta=10:415
#ORBextractor.nFeatures: 1100 #fov100:1000 fov60:1100 fov80:1100

  # 5
#  data: [ 0.98480775, 0.0,  0.17364818,  0.19923894,
#          0.0,  1.0,  0.0,  0.0,
#          -0.17364818, 0.0,  0.98480775, -0.01743115,
#          0.0,0.0,0.0,1.0]
#tantheta: 0.08748866353
#Camera1.overlappingBegin: 95 #fov100:95
#Camera1.overlappingEnd: 640
#Camera2.overlappingBegin: 0
#Camera2.overlappingEnd: 545 #fov100:545
#ORBextractor.nFeatures: 1600 #fov100:1600 fov60:1400

    # 7.5
    #  # 计算真实值
    #  data: [ 0.96592583, 0.0,  0.25881905,  0.19828897,
    #          0.0,  1.0,  0.0,  0.0,
    #          -0.25881905, 0.0,  0.96592583, -0.02610524]

    # 10  标定双目 逆矩阵 可用
#  data: [ 0.93969262, 0.0,  0.34202014,  0.1969615506,
#          0.0,  1.0,  0.0,  0.0,
#          -0.34202014, 0.0,  0.93969262, -0.0347296,
#          0.0,0.0,0.0,1.0]
#tantheta: 0.17632698071
#Camera1.overlappingBegin: 170 # fov100:theta=10:170  theta=20:276  fov60: theta=5:128  theta=10:225
#Camera1.overlappingEnd: 640
#Camera2.overlappingBegin: 0
#Camera2.overlappingEnd: 470 # fov100:theta=10:470  theta=20:364   fov60: theta=5:512  theta=10:415
#ORBextractor.nFeatures: 1100 #fov100=1800 fov60=1700

  # 12.5
  #  # 计算真实值
  #  data: [ 0.90630779, 0.0,  0.42261826,  0.1952592,
  #          0.0,  1.0,  0.0,  0.0,
  #          -0.42261826, 0.0,  0.90630779, -0.04328792]

# 15
  # 计算真实值
#  data: [ 0.8660254, 0.0,  0.5,  0.19318517,
#          0.0,  1.0,  0.0,  0.0,
#          -0.5, 0.0,  0.8660254, -0.05176381,
#          0.0,0.0,0.0,1.0]
#tantheta: 0.26794919243
#Camera1.overlappingBegin: 225 # fov100:225  fov60:
#Camera1.overlappingEnd: 640
#Camera2.overlappingBegin: 0
#Camera2.overlappingEnd: 415 # fov100:415   fov60:
#ORBextractor.nFeatures: 2200 #fov100=1800 fov60=

  # 17.5
  #  # 计算真实值
  #  data: [ 0.81915204, 0.0,  0.57357644,  0.19074339,
  #          0.0,  1.0,  0.0,  0.0,
  #          -0.57357644, 0.0,  0.81915204, -0.06014116]

#  # 20  标定双目 逆矩阵 可用
#  data: [ 0.76604444, 0.0,  0.64278761,  0.18794,
#          0.0,  1.0,  0.0,  0.0,
#          -0.64278761, 0.0,  0.76604444, -0.0684,
#          0.0,0.0,0.0,1.0 ]
#tantheta: 0.36397023427 # tan0=0; tan10=0.17632698071; tan20=0.36397023427;
#Camera1.overlappingBegin: 276 # fov100:276  fov60: 420
#Camera1.overlappingEnd: 640
#Camera2.overlappingBegin: 0
#Camera2.overlappingEnd: 364 # fov100:364   fov60: 220
#ORBextractor.nFeatures: 2500 #fov100:2700 fov60:2500

  # 22.5
  #  # 计算真实值
  #  data: [ 0.70710678, 0.0,  0.70710678,  0.18477591,
  #          0.0,  1.0,  0.0,  0.0,
  #          -0.70710678, 0.0,  0.70710678, -0.07653669]

  # 25
  # 计算真实值
#  data: [ 0.64278761, 0.0,  0.76604444,  0.18126156,
#          0.0,  1.0,  0.0,  0.0,
#          -0.76604444, 0.0,  0.64278761, -0.08452365,
#          0.0,0.0,0.0,1.0 ]
#tantheta: 0.46630765815 # tan0=0; tan10=0.17632698071; tan20=0.36397023427;
#Camera1.overlappingBegin: 315 # fov100:315  fov60:
#Camera1.overlappingEnd: 640
#Camera2.overlappingBegin: 0
#Camera2.overlappingEnd: 325 # fov100:325   fov60:
#ORBextractor.nFeatures: 2500 #fov100: fov60:

  # 27.5
  #  # 计算真实值
  #  data: [ 0.57357644, 0.0,  0.81915204,  0.17740217,
  #          0.0,  1.0,  0.0,  0.0,
  #          -0.81915204, 0.0,  0.57357644, -0.09234972]

  #  # 30  标定双目 逆矩阵
  #  data: [ 5.00969280e-01, -1.54670197e-03,  8.65463684e-01,  1.89477633e-01,
  #          1.31448056e-05,  9.99998417e-01,  1.77952513e-03,  9.79052081e-04,
  #          -8.65465066e-01, -8.80111073e-04,  5.00968507e-01, -7.26362658e-02 ]
  #  # 计算真实值
  #  data: [ 0.5, 0.0,  0.8660254,  0.1732,
  #          0.0,  1.0,  0.0,  0.0,
  #          -0.8660254, 0.0,  0.5, -0.1 ]
  #  30 b=40
  #  data: [ 0.5, 0.0,  0.8660254,  0.3464,
  #          0.0,  1.0,  0.0,  0.0,
  #          -0.8660254, 0.0,  0.5, -0.2 ]
  #  30 b=60
  #  data: [ 0.5, 0.0,  0.8660254,  0.5196,
  #          0.0,  1.0,  0.0,  0.0,
  #          -0.8660254, 0.0,  0.5, -0.3 ]

  # 32.5
  #  # 计算真实值
  #  data: [ 0.42261826, 0.0,  0.90630779,  0.16867829,
  #          0.0,  1.0,  0.0,  0.0,
  #          -0.90630779, 0.0,  0.42261826, -0.10745992]

  # 35
  #  # 计算真实值
  #  data: [ 0.34202014, 0.0,  0.93969262,  0.16383041,
  #          0.0,  1.0,  0.0,  0.0,
  #          -0.93969262, 0.0,  0.34202014, -0.11471529]

  # 40  标定双目 逆矩阵 可用
  #  data: [ 1.75081543e-01, -1.84598774e-03,  9.84552206e-01,  1.80984402e-01,
  #          4.78255417e-05,  9.99998257e-01,  1.86644359e-03,  8.05397351e-04,
  #          -9.84553935e-01, -2.79693082e-04,  1.75081326e-01, -9.50821838e-02]
  #  # 计算真实值
  #  data: [ 0.17364818, 0.0,  0.98480775,  0.1532,
  #          0.0,  1.0,  0.0,  0.0,
  #          -0.98480775, 0.0,  0.17364818, -0.1286 ]
  # by 1.2
  #  data: [ 0.17364818, 0.0,  0.98480775,  0.18384,
  #          0.0,  1.0,  0.0,  0.0,
  #          -0.98480775, 0.0,  0.17364818, -0.15432 ]

  # 50
  #  # 计算真实值
  #  data: [ -0.17364818, 0.0,  0.98480775,  0.1286,
  #          0.0,  1.0,  0.0,  0.0,
  #          -0.98480775, 0.0,  -0.17364818, -0.1532 ]

  # 60
  # # 标定
  #  data: [ -5.08303790e-01, -8.56455787e-04,  8.61177405e-01,  1.43893191e-01,
  #          -5.76039517e-04,  9.99999620e-01,  6.54513678e-04,  2.36400729e-03,
  #          -8.61177638e-01, -1.63380433e-04, -5.08304090e-01, -1.46467979e-01]
  #  # 计算真实值
  #  data: [ -0.5, 0.0,  0.8660254,  0.1,
  #          0.0,  1.0,  0.0,  0.0,
  #          -0.8660254, 0.0,  -0.5, -0.1732 ]


  # 70
# 计算真实值
#  data: [ -0.76604444, 0.0,  0.64278761,  0.06840403,
